17.21 , -117.31 , -13.92 , 0
31.31 , -17.27 , -27.65 , 1
-1.65 , -57.19 , -25.45 , 2
14.28 , -41.93 , -28.08 , 3
-26.43 , 56.70 , 24.54 , 4
-125.37 , 190.06 , 173.52 , 5
-192.63 , 210.75 , 44.25 , 6
-151.55 , 205.99 , 15.20 , 7
-26.73 , 97.35 , -12.63 , 8
-29.85 , 48.89 , -11.96 , 9
-25.57 , 29.36 , 13.24 , 10
4.52 , 25.21 , 6.35 , 11
-12.02 , 45.17 , 12.21 , 12
16.66 , 6.47 , 5.98 , 13
2.38 , -0.61 , 9.09 , 14
-9.64 , 18.19 , 7.63 , 15
-33.02 , 0.85 , 16.17 , 16
-8.12 , 101.68 , 13.61 , 17
67.44 , 13.00 , -5.86 , 18
62.99 , -22.46 , -13.98 , 19
23.07 , 59.57 , 13.49 , 20
0.06 , -34.67 , -26.61 , 21
18.98 , 23.80 , -20.14 , 22
-15.01 , 1.40 , -25.63 , 23
-87.04 , -24.90 , -19.23 , 24
-55.54 , -1.77 , -0.79 , 25
-8.61 , 21.18 , 16.24 , 26
-9.95 , 8.06 , 4.94 , 27
-5.25 , 11.66 , 7.14 , 28
13.79 , 18.19 , 6.04 , 29
-9.22 , -14.16 , -5.19 , 30
26.37 , -1.89 , 1.59 , 31
-55.42 , -50.66 , -8.73 , 32
51.27 , -9.58 , 7.87 , 33
-63.48 , -95.76 , 0.67 , 34
240.84 , 126.95 , 2.93 , 35
8.91 , 53.22 , -3.17 , 36
68.85 , 50.78 , -4.33 , 37
-10.93 , 45.29 , 10.68 , 38
19.84 , 2.87 , -4.88 , 39
32.47 , 33.81 , 0.92 , 40
37.66 , 172.55 , 36.01 , 41
27.10 , 570.68 , 130.31 , 42
248.47 , 624.63 , 277.95 , 43
490.60 , 445.62 , 349.73 , 44
668.95 , 135.80 , 318.54 , 45
676.76 , -181.34 , 176.57 , 46
624.02 , -329.22 , 36.93 , 47
617.19 , -353.09 , -97.53 , 48
-5.74 , 45.35 , 36.56 , 49
-167.79 , 50.84 , 20.57 , 50
-68.05 , -273.13 , -139.59 , 51
96.74 , -301.88 , -32.29 , 52
137.88 , -340.82 , 28.75 , 53
-163.39 , -183.59 , -62.19 , 54
-192.63 , -360.78 , -40.10 , 55
-48.28 , 83.37 , 59.63 , 56
-219.60 , 53.16 , 31.80 , 57
-15.01 , -31.25 , 43.76 , 58
-51.70 , -60.79 , 30.40 , 59
-17.15 , -37.23 , 33.02 , 60
-32.29 , -54.32 , 67.20 , 61
33.26 , 36.32 , -2.26 , 62
68.73 , 34.24 , 23.86 , 63
26.31 , 9.09 , 10.38 , 64
-7.87 , 13.37 , 10.68 , 65
-72.51 , -7.57 , 31.68 , 66
-100.04 , -11.41 , 16.17 , 67
-30.88 , 4.52 , 5.13 , 68
-6.29 , 3.66 , 15.20 , 69
24.90 , 33.39 , 27.40 , 70
-3.23 , -49.99 , 11.90 , 71
-36.38 , -73.30 , -8.91 , 72
-4.33 , -63.11 , -6.84 , 73
8.42 , -32.90 , -11.54 , 74
26.55 , -37.60 , -1.59 , 75
15.99 , -93.93 , 2.08 , 76
4.15 , -80.87 , 8.67 , 77
-64.21 , -101.38 , -23.44 , 78
-117.68 , -96.25 , -14.53 , 79
21.18 , -68.42 , 107.36 , 80
204.10 , -145.51 , -5.13 , 81
12.76 , -42.97 , -16.91 , 82
-25.21 , -68.97 , -60.79 , 83
-59.88 , 4.82 , -95.83 , 84
18.62 , -166.75 , -59.88 , 85
22.95 , -182.19 , -56.52 , 86
-1.04 , -184.69 , -64.33 , 87
25.39 , -105.04 , -27.77 , 88
2.20 , -66.96 , 7.93 , 89
43.70 , -9.83 , 19.23 , 90
3.05 , -34.73 , -1.10 , 91
65.43 , -35.16 , 18.07 , 92
36.25 , -70.86 , -16.85 , 93
23.93 , -50.54 , -18.62 , 94
-21.73 , -55.48 , -11.66 , 95
-66.10 , -158.08 , -17.40 , 96
114.93 , -471.74 , -159.42 , 97
-86.30 , -107.42 , -92.41 , 98
-25.45 , -113.65 , -74.40 , 99
-66.71 , -191.04 , -74.04 , 100
-69.89 , -141.24 , -36.19 , 101
16.97 , -38.21 , 17.58 , 102
3.05 , -55.11 , -20.02 , 103
9.28 , -49.44 , -16.60 , 104
-2.87 , -43.64 , 0.92 , 105
2.32 , -16.66 , 18.92 , 106
14.95 , -75.56 , -13.06 , 107
34.73 , -118.29 , -21.12 , 108
-31.01 , -56.34 , -0.37 , 109
-35.03 , -212.40 , 6.10 , 110
-37.17 , -300.54 , -16.11 , 111
-46.69 , -335.45 , -50.66 , 112
-14.89 , -295.23 , -58.78 , 113
18.31 , -157.47 , -49.62 , 114
19.10 , -99.55 , -18.98 , 115
29.30 , -66.83 , 4.21 , 116
-39.67 , -25.70 , 21.36 , 117
-12.15 , 7.32 , 1.28 , 118
5.62 , -161.32 , 0.61 , 119
-1.40 , -8.12 , -2.20 , 120
-105.35 , -78.25 , 51.82 , 121
-36.99 , -224.43 , 93.02 , 122
-9.52 , -323.36 , 57.07 , 123
48.10 , -300.84 , 23.62 , 124
94.79 , -252.38 , -4.88 , 125
69.46 , -151.92 , -26.61 , 126
-2.44 , -63.29 , -17.82 , 127
12.39 , -7.81 , 11.90 , 128
-38.76 , 28.87 , 19.04 , 129
-2.14 , 9.64 , -3.30 , 130
26.55 , 3.48 , -12.82 , 131
23.13 , -38.09 , 0.37 , 132
-6.96 , -60.06 , -41.99 , 133
-62.81 , -9.03 , -99.30 , 134
-120.30 , 10.25 , -151.37 , 135
35.03 , -92.59 , -107.67 , 136
-49.56 , 3.48 , -78.49 , 137
-168.64 , 219.79 , -76.05 , 138
50.72 , 17.40 , -7.32 , 139
49.68 , 24.41 , -33.14 , 140
-85.69 , -24.23 , -80.93 , 141
-36.25 , -8.79 , -201.42 , 142
-180.73 , -53.59 , -265.32 , 143
60.30 , 87.10 , -164.49 , 144
14.10 , -134.58 , -171.94 , 145
34.67 , -58.65 , -42.60 , 146
-149.05 , -98.08 , 28.20 , 147
-54.63 , -8.61 , 0.12 , 148
8.00 , 5.07 , 6.71 , 149
-7.81 , -8.06 , -0.18 , 150
-137.57 , 20.20 , -10.01 , 151
59.63 , -10.44 , -23.38 , 152
86.18 , -14.83 , -75.32 , 153
-108.58 , 133.24 , -80.32 , 154
58.41 , -152.28 , -50.23 , 155
69.70 , -117.98 , 64.64 , 156
44.31 , 72.45 , -38.39 , 157
53.89 , 55.24 , -93.02 , 158
-242.55 , -54.44 , -112.61 , 159
-23.80 , -30.58 , -135.44 , 160
-19.53 , -46.63 , -107.91 , 161
127.20 , -93.57 , -185.30 , 162
-100.34 , 42.54 , -178.77 , 163
549.50 , 61.65 , 57.37 , 164
-272.77 , -156.13 , -72.81 , 165
-339.05 , -5.00 , 11.17 , 166
-266.11 , -58.65 , -30.21 , 167
49.56 , -14.77 , -41.02 , 168
34.97 , -11.35 , -46.75 , 169
35.22 , 33.39 , -93.26 , 170
87.52 , 13.12 , -98.57 , 171
39.98 , 2.81 , -89.48 , 172
130.86 , 28.32 , -76.42 , 173
-28.75 , 41.02 , -60.73 , 174
-9.89 , 66.47 , -0.61 , 175
-29.97 , -26.79 , -127.08 , 176
-71.47 , 1.10 , -142.03 , 177
29.24 , 23.93 , -108.64 , 178
-22.95 , 7.63 , -140.56 , 179
-25.39 , -5.62 , -160.89 , 180
1.89 , -15.87 , -154.72 , 181
20.02 , -20.69 , -150.27 , 182
-38.76 , 12.70 , -182.68 , 183
-4.58 , 9.46 , -147.83 , 184
11.17 , 30.15 , -218.99 , 185
9.34 , 17.94 , -117.55 , 186
6.59 , 12.88 , -20.87 , 187
-14.59 , -10.19 , 103.33 , 188
-40.89 , -51.09 , 215.21 , 189
-71.96 , 4.64 , 240.91 , 190
4.39 , -32.78 , 263.43 , 191
98.82 , 38.27 , 360.41 , 192
-1.04 , 107.91 , 226.93 , 193
17.52 , 32.65 , 66.10 , 194
20.02 , -5.74 , 45.96 , 195
8.61 , 5.98 , -178.28 , 196
-94.73 , 19.29 , -382.81 , 197
-93.81 , 25.33 , -375.24 , 198
-40.47 , -103.15 , 6.96 , 199
49.38 , -23.13 , 398.32 , 200
51.45 , 77.70 , 208.62 , 201
-5.80 , 2.69 , 7.26 , 202
-14.59 , -15.75 , -0.43 , 203
-17.70 , 13.43 , -18.31 , 204
-8.48 , 26.43 , -236.76 , 205
-107.30 , -37.78 , -347.90 , 206
4.03 , -81.42 , -56.34 , 207
151.98 , -2.14 , 291.14 , 208
-104.61 , 172.42 , 180.11 , 209
-43.21 , 125.61 , 42.42 , 210
32.53 , -64.03 , 59.39 , 211
-6.35 , -396.06 , 246.03 , 212
31.19 , -729.37 , 138.24 , 213
100.65 , -225.22 , -11.47 , 214
88.75 , 583.62 , 43.64 , 215
-132.39 , 593.20 , -57.80 , 216
-57.01 , 125.55 , 4.70 , 217
-17.15 , -22.77 , -4.46 , 218
-15.93 , -28.93 , 0.79 , 219
44.68 , -208.13 , 57.07 , 220
-149.23 , -851.68 , 237.73 , 221
429.08 , -384.09 , -152.40 , 222
17.46 , 300.05 , 69.15 , 223
-144.35 , 900.45 , 54.50 , 224
67.75 , 156.74 , -68.36 , 225
7.75 , -22.95 , -29.42 , 226
4.27 , -56.76 , 12.94 , 227
-7.32 , -293.27 , 103.21 , 228
110.90 , -481.93 , 115.84 , 229
152.40 , -169.25 , -40.89 , 230
124.15 , 280.03 , -34.42 , 231
142.76 , 710.94 , -33.02 , 232
24.17 , -32.10 , -10.68 , 233
39.18 , -56.70 , -24.66 , 234
-43.64 , -9.58 , 17.94 , 235
-63.90 , -10.93 , 12.63 , 236
-11.78 , 22.71 , 13.49 , 237
-1.53 , -0.18 , 2.01 , 238
8.18 , -1.04 , -6.90 , 239
-2.93 , -6.16 , 4.27 , 240
-21.12 , -19.04 , 0.73 , 241
138.73 , 16.78 , -28.32 , 242
570.62 , 25.76 , -159.85 , 243
132.20 , 41.02 , -32.71 , 244
-36.13 , -25.94 , -30.94 , 245
-375.85 , -61.22 , 53.47 , 246
-547.18 , -38.15 , 95.21 , 247
-176.57 , -54.08 , 5.98 , 248
21.36 , -100.10 , -1.71 , 249
-6.96 , -27.53 , 29.60 , 250
486.21 , 70.31 , 65.49 , 251
561.71 , 37.48 , 13.85 , 252
303.59 , -40.41 , -39.98 , 253
-174.19 , 45.35 , -14.83 , 254
-319.15 , -10.80 , 16.30 , 255
-1020.69 , 295.53 , 58.29 , 256
-186.65 , -139.95 , -13.12 , 257
21.91 , 54.02 , 9.09 , 258
171.20 , 101.56 , 16.42 , 259
497.25 , 10.99 , -84.47 , 260
361.27 , -102.29 , -82.52 , 261
252.44 , -118.47 , -153.75 , 262
-81.12 , 26.98 , 7.02 , 263
-283.26 , 64.21 , 34.30 , 264
-390.50 , -15.69 , 32.47 , 265
-53.83 , -259.83 , 39.98 , 266
-24.78 , -25.21 , 51.33 , 267
116.64 , 198.49 , 52.61 , 268
-43.52 , 469.48 , -60.36 , 269
-100.71 , 23.80 , -12.88 , 270
155.15 , -246.70 , 83.37 , 271
10.74 , -419.68 , 97.35 , 272
7.45 , -179.99 , -92.29 , 273
-12.08 , -113.89 , -68.79 , 274
-13.18 , 9.34 , -12.02 , 275
16.72 , -16.60 , -14.28 , 276
-2.56 , 14.10 , -0.43 , 277
52.98 , 52.49 , 62.56 , 278
115.42 , 43.33 , 373.54 , 279
-55.24 , 113.10 , 345.21 , 280
2.56 , 0.67 , -7.93 , 281
-78.55 , -121.58 , -256.35 , 282
-62.07 , 21.24 , -429.20 , 283
-93.02 , -50.90 , -99.79 , 284
-25.63 , -16.91 , -2.32 , 285
67.02 , 3.60 , 16.48 , 286
-71.11 , -13.37 , -5.80 , 287
-627.56 , 53.77 , 33.63 , 288
-92.71 , -188.54 , -10.44 , 289
81.05 , -3.66 , 19.47 , 290
447.08 , 136.72 , 74.16 , 291
340.76 , -24.48 , 30.15 , 292
51.39 , -21.67 , -8.97 , 293
51.94 , -62.01 , -11.11 , 294
164.92 , -82.52 , 288.51 , 295
65.06 , 77.51 , 449.58 , 296
69.09 , 33.20 , 49.56 , 297
18.19 , -16.30 , -150.27 , 298
-82.52 , 17.33 , -390.56 , 299
-40.22 , -27.95 , -187.07 , 300
39.61 , -108.70 , -14.47 , 301
-34.85 , 21.67 , -17.46 , 302
-426.27 , 89.84 , -13.12 , 303
-491.52 , -13.49 , -47.49 , 304
31.56 , -50.48 , -39.06 , 305
353.39 , 31.43 , 57.01 , 306
423.28 , -117.98 , 55.48 , 307
51.45 , 58.78 , 33.75 , 308
10.99 , -17.58 , 3.05 , 309
-17.21 , 12.33 , 7.02 , 310
-174.13 , 258.97 , 39.49 , 311
-49.62 , 420.59 , 60.24 , 312
-159.61 , 98.94 , 25.70 , 313
75.62 , -139.77 , -8.48 , 314
-87.04 , -447.20 , 124.88 , 315
109.50 , -142.03 , -19.04 , 316
-99.67 , -51.09 , -17.46 , 317
-98.82 , 58.17 , 12.51 , 318
7.14 , 45.59 , -26.86 , 319
-81.18 , -271.12 , 11.60 , 320
-256.47 , -581.05 , -30.58 , 321
-30.70 , -168.76 , 1.28 , 322
35.28 , 145.08 , 38.39 , 323
122.99 , 542.91 , 98.02 , 324
52.73 , 377.75 , -59.94 , 325
-56.58 , 207.21 , -22.64 , 326
-42.66 , 130.07 , -19.35 , 327
-93.08 , 124.21 , 39.92 , 328
-21.85 , 59.51 , 52.12 , 329
27.65 , -43.70 , 17.03 , 330
-275.09 , -310.49 , 208.19 , 331
-254.27 , -222.47 , 218.87 , 332
-267.46 , -100.22 , 230.71 , 333
-0.67 , 7.08 , 5.49 , 0
4.15 , -3.91 , 1.46 , 1
-19.78 , -38.15 , -1.22 , 2
-27.40 , -53.96 , -4.03 , 3
-8.67 , -11.17 , 13.92 , 4
-20.20 , -26.00 , -0.31 , 5
-3.66 , -4.52 , 12.51 , 6
11.60 , -4.39 , 15.44 , 7
18.55 , 0.37 , 12.88 , 8
11.60 , 2.08 , 8.24 , 9
6.71 , 3.36 , 4.88 , 10
6.59 , 2.38 , 8.67 , 11
5.37 , 7.69 , 4.70 , 12
0.43 , 2.87 , 3.91 , 13
0.73 , 5.80 , 5.74 , 14
6.35 , 0.24 , 1.71 , 15
2.20 , 6.16 , 1.04 , 16
1.34 , 0.85 , 1.22 , 17
-0.55 , 3.97 , 2.08 , 18
0.37 , 4.70 , 3.05 , 19
-0.24 , 3.54 , 5.19 , 20
-1.65 , 3.42 , 4.52 , 21
-0.49 , 6.35 , 2.99 , 22
-1.16 , 6.47 , 1.65 , 23
1.28 , 2.20 , 2.38 , 24
-1.65 , 1.95 , 1.28 , 25
-3.17 , 4.33 , 2.87 , 26
3.36 , 28.87 , -14.28 , 27
28.26 , 79.53 , 16.91 , 28
49.50 , 51.27 , 0.31 , 29
4.03 , 5.25 , -3.91 , 30
-35.64 , 27.59 , -1.04 , 31
50.96 , -12.88 , -36.80 , 32
18.07 , -21.30 , -28.08 , 33
13.92 , 0.06 , -32.41 , 34
-23.74 , 9.16 , -42.72 , 35
3.42 , 40.04 , -41.81 , 36
-39.31 , 77.94 , -11.90 , 37
-24.41 , 54.69 , 14.95 , 38
-21.73 , -10.99 , -37.54 , 39
-19.29 , -13.79 , -19.04 , 40
-27.04 , -15.56 , -3.05 , 41
24.48 , 13.12 , -18.74 , 42
5.49 , 18.07 , -15.32 , 43
-19.04 , 26.18 , -23.38 , 44
-6.53 , 26.73 , -3.42 , 45
-41.20 , 24.54 , -21.91 , 46
11.78 , -11.78 , -37.78 , 47
78.06 , -95.89 , -64.33 , 48
84.05 , -76.54 , -53.22 , 49
-11.90 , 24.29 , -18.55 , 50
-5.25 , 2.62 , -70.19 , 51
-13.43 , 0.92 , -21.85 , 52
8.42 , 29.42 , -25.63 , 53
56.64 , 0.79 , 6.47 , 54
2.75 , -23.01 , 35.10 , 55
42.66 , 10.01 , 26.37 , 56
-17.94 , -4.46 , -36.07 , 57
-28.75 , 51.82 , -4.15 , 58
-27.16 , 25.09 , 18.37 , 59
